[],        [1, sn],  [0, 0]
[0],       [2, 38],  [0, 0]
[0, 0],    [3, 3],   gray
[0, 1],    [4, 5],   [0, 0]
[0, 1, 7], [5, 5],   red
[0, 2],    [6, 7],   [0, 0]
[0, 2, 7], [7, 7],   red
[0, 3],    [8, 13],  [0, 0]
[0, 3, 1], [9, 9],   red
[0, 3, 2], [10, 10], red
[0, 3, 4], [11, 11], red
[0, 3, 5], [12, 12], red
[0, 3, 6], [13, 13], red
[0, 4],    [14, 15], [0, 0]
[0, 4, 7], [15, 15], red
[0, 5],    [16, 23], [0, 0]
[0, 5, 1], [17, 17], red
[0, 5, 2], [18, 18], red
[0, 5, 3], [19, 19], red
[0, 5, 4], [20, 20], red
[0, 5, 5], [21, 21], red
[0, 5, 6], [22, 22], red
[0, 5, 7], [23, 23], red
[0, 6],    [24, 31], [0, 0]
[0, 6, 1], [25, 25], red
[0, 6, 2], [26, 26], red
[0, 6, 3], [27, 27], red
[0, 6, 4], [28, 28], red
[0, 6, 5], [29, 29], red
[0, 6, 6], [30, 30], red
[0, 6, 7], [31, 31], red
[0, 7],    [32, 38], [0, 0]
[0, 7, 0], [33, 33], red
[0, 7, 1], [34, 34], red
[0, 7, 2], [35, 35], red
[0, 7, 4], [36, 36], red
[0, 7, 5], [37, 37], red
[0, 7, 6], [38, 38], red
[1],       [39, 74], [0, 0]
[1, 0],    [40, 41], [0, 0]
[1, 0, 4], [41, 41], green
[1, 2],    [42, 47], [0, 0]
[1, 2, 0], [43, 43], green
[1, 2, 3], [44, 44], green
[1, 2, 4], [45, 45], green
[1, 2, 5], [46, 46], green
[1, 2, 7], [47, 47], green
[1, 3],    [48, 49], [0, 0]
[1, 3, 4], [49, 49], green
[1, 4],    [50, 57], [0, 0]
[1, 4, 0], [51, 51], green
[1, 4, 2], [52, 52], green
[1, 4, 3], [53, 53], green
[1, 4, 4], [54, 54], green
[1, 4, 5], [55, 55], green
[1, 4, 6], [56, 56], green
[1, 4, 7], [57, 57], green
[1, 5],    [58, 59], [0, 0]
[1, 5, 4], [59, 59], green
[1, 6],    [60, 66], [0, 0]
[1, 6, 0], [61, 61], green
[1, 6, 1], [62, 62], green
[1, 6, 3], [63, 63], green
[1, 6, 4], [64, 64], green
[1, 6, 5], [65, 65], green
[1, 6, 7], [66, 66], green
[1, 7],    [67, 74], [0, 0]
[1, 7, 0], [68, 68], green
[1, 7, 2], [69, 69], green
[1, 7, 3], [70, 70], green
[1, 7, 4], [71, 71], green
[1, 7, 5], [72, 72], green
[1, 7, 6], [73, 73], green
[1, 7, 7], [74, 74], green
[2],       [75, 75], blue
[3],       [76, 76], red
[4],       [77, 77], green
[5],       [78, 78], blue
[6],       [79, 79], red
[7],       [sn, sn], green
